0.000 -8944
0.090 -8921
0.180 -8931
0.270 -8957
0.360 -8965
0.420 -8955
0.510 -8963
0.600 -8941
0.690 -8950
0.780 -8943
0.870 -8904
0.960 -8964
1.050 -8992
1.140 -8971
1.230 -8980
1.320 -9007
1.380 -9031
1.470 -8973
1.560 -8952
1.650 -8903
1.740 -8899
1.830 -8970
1.920 -8951
2.010 -8946
2.100 -8920
2.190 -8929
2.280 -8953
2.340 -8973
2.430 -8969
2.520 -8932
2.610 -8929
2.700 -8980
2.790 -8993
2.880 -8970
2.970 -8987
3.060 -8931
3.150 -8909
3.240 -8900
3.300 -8947
3.390 -8961
3.480 -8960
3.570 -8970
3.660 -8948
3.750 -8944
3.840 -8940
3.930 -8928
4.020 -8956
4.110 -9408
4.230 -12549
4.290 -15155
4.350 -15595
4.440 -15623
4.530 -15620
4.620 -15572
4.710 -15535
4.800 -15501
4.890 -15557
4.980 -15641
5.070 -15610
5.160 -15599
5.220 -15651
5.310 -15576
5.400 -15567
5.490 -15562
5.580 -15573
5.670 -15575
5.761 -15620
5.850 -15587
5.970 -15569
6.031 -15624
6.121 -15632
6.181 -15621
6.271 -15609
6.361 -15567
6.450 -15567
6.541 -15575
6.631 -15563
6.721 -15599
6.811 -15561
6.901 -15526
6.991 -15579
7.081 -15611
7.141 -15548
7.231 -15542
7.321 -15625
7.411 -15623
7.501 -15561
7.591 -15588
7.681 -15531
7.771 -15536
7.861 -15542
7.951 -15561
8.011 -15566
8.101 -15582
8.191 -15561
8.281 -15535
8.371 -15562
8.461 -15606
8.551 -15641
8.641 -15296
8.731 -11788
8.821 -9126
8.911 -8969
8.971 -8939
9.061 -8944
9.151 -8930
9.241 -8904
9.331 -8912
9.421 -8933
9.511 -8961
9.601 -8997
9.691 -8982
9.781 -8959
9.871 -8951
9.931 -8944
10.021 -8964
10.111 -8900
10.201 -8885
10.291 -8941
10.381 -9010
10.471 -9015
10.561 -8945
10.651 -8921
10.741 -8964
10.831 -8919
10.891 -8913
10.981 -8875
11.071 -8921
11.161 -8994
11.251 -8945
11.341 -8984
11.431 -8965
11.521 -8992
11.611 -8947
11.701 -8902
11.791 -8952
11.851 -8953
11.941 -8914
12.031 -8867
12.121 -8903
12.211 -8944
12.301 -8989
12.391 -8961
12.482 -9606
12.571 -21019
12.661 -47821
12.751 -63154
12.811 -65712
12.901 -64120
12.991 -64026
13.111 -64038
13.171 -64031
13.261 -64050
13.351 -63985
13.441 -64000
13.531 -64034
13.621 -64035
13.711 -64015
13.771 -63971
13.861 -64010
13.951 -63996
14.071 -63998
14.161 -64007
14.222 -64024
14.311 -64022
14.431 -64036
14.491 -64002
14.581 -63953
14.671 -63970
14.731 -64033
14.821 -64050
14.912 -64051
15.001 -64037
15.121 -64048
15.182 -64072
15.272 -64073
15.361 -64042
15.452 -64022
15.542 -64031
15.631 -64014
15.691 -64008
15.811 -64001
15.871 -64014
15.961 -63967
16.051 -64005
16.141 -64009
16.232 -64026
16.321 -63985
16.411 -63987
16.501 -64030
16.561 -64043
16.651 -64026
16.741 -63998
16.861 -64004
16.921 -64032
17.011 -64059
17.101 -65403
17.192 -69558
17.282 -72016
17.371 -73884
17.491 -76390
17.552 -78294
17.612 -79959
17.701 -81329
17.791 -82685
17.881 -84468
17.972 -86540
18.091 -88233
18.151 -89983
18.242 -91411
18.332 -92964
18.421 -94669
18.482 -96167
18.602 -97570
18.662 -98861
18.751 -99977
18.872 -101031
18.932 -102175
19.022 -103336
19.112 -104453
19.202 -105585
19.292 -106740
19.382 -107815
19.442 -108734
19.561 -109621
19.622 -110661
19.712 -111647
19.802 -112856
19.892 -114010
19.982 -115102
20.072 -116019
20.162 -116875
20.252 -117595
20.342 -118109
20.402 -118183
20.492 -118083
20.582 -118003
20.672 -117889
20.762 -117888
20.852 -117923
20.942 -117919
21.032 -117958
21.122 -117937
21.212 -117984
21.302 -117973
21.362 -65537
21.842 -117913
21.932 -117932
22.052 -118005
22.112 -119244
22.202 -122323
22.292 -126220
22.382 -129306
22.472 -131451
22.532 -133349
22.622 -135057
22.712 -136498
22.802 -138006
22.922 -139678
22.982 -141618
23.072 -143805
23.162 -146338
23.252 -149038
23.342 -151739
23.432 -154462
23.492 -157154
23.582 -159243
23.672 -160848
23.762 -162379
23.852 -163846
23.942 -165134
24.032 -166182
24.152 -167401
24.212 -168630
24.302 -169691
24.362 -170847
24.452 -172100
24.542 -173603
24.632 -175581
24.722 -177452
24.842 -179126
24.902 -180696
24.992 -182057
25.112 -183189
25.172 -184175
25.262 -185108
25.322 -186103
25.412 -187045
25.502 -187932
25.592 -188821
25.682 -189740
25.772 -190631
25.862 -191499
25.952 -192237
26.042 -192937
26.132 -193591
26.222 -194091
26.282 -194232
26.372 -194210
26.462 -194193
26.552 -194171
26.642 -194231
26.732 -194242
26.822 -194178
26.912 -194200
27.002 -194237
27.092 -194247
27.182 -194266
27.272 -194235
27.332 -194262
27.422 -194308
27.512 -194286
27.602 -194281
27.692 -194226
27.782 -194236
27.872 -194263
27.962 -194267
28.052 -194286
28.142 -194245
28.202 -194252
28.292 -194298
28.382 -194288
28.472 -194307
28.562 -194296
28.652 -194272
28.742 -194292
28.832 -194276
28.922 -194240
29.012 -194258
29.102 -194258
29.162 -194290
29.252 -194269
29.342 -194281
29.432 -194264
29.522 -194250
29.612 -194236
29.702 -193832
29.792 -192711
29.882 -193280
29.972 -193166
30.062 -192336
30.122 -196179
30.212 -176794
30.302 -125905
30.392 -44890
30.482 -10386
30.602 -8918
30.663 -8935
30.782 -8873
30.842 -8916
30.932 -8914
30.992 -8968
31.083 -8955
31.173 -8965
31.262 -8935
31.352 -8887
31.442 -8932
31.533 -8931
31.623 -8869
31.713 -8910
31.802 -8912
31.893 -8899
31.983 -8915
32.043 -8930
32.133 -8959
32.223 -8943
32.313 -8878
32.403 -8904
32.493 -8910
